just a text file wit with the out put for test one 


0:Infinity:0:0:0
1:Infinity:0:0:0
2:4:4:0:0
3:8:8:0:0
4:15:15:0:0
5:14:13:0:1
6:24:26:6:0
7:26:33:4:0
8:21:26:89:0
9:31:36:4950:0
10:33:48:614866:0
______________________________________________
time is in milliseconds

size:    Held_Karp route:        2_opt route:    Held_Karp time:        2_opt time:
Start vertex: 0
[]

two_opt time: 0
Held_Karptime: 1
0:      0:      0:      1:      0
Start vertex: 0
[ [ 0 ] ]

two_opt time: 0
Held_Karptime: 0
1:      0:      0:      0:      0
Start vertex: 0
[ [ 0, 2 ], [ 2, 0 ] ]

two_opt time: 1
Held_Karptime: 0
2:      2:      2:      0:      1
Start vertex: 2
[ [ 0, 9, 2 ], [ 9, 0, 5 ], [ 2, 5, 0 ] ]

two_opt time: 2
Held_Karptime: 1
3:      11:     11:     1:      2
Start vertex: 3
[ [ 0, 3, 6, 6 ],
  [ 3, 0, 10, 6 ],
  [ 6, 10, 0, 3 ],
  [ 6, 6, 3, 0 ] ]

two_opt time: 3
Held_Karptime: 0
4:      12:     12:     0:      3
Start vertex: 1
[ [ 0, 6, 5, 10, 1 ],
  [ 6, 0, 2, 3, 6 ],
  [ 5, 2, 0, 1, 2 ],
  [ 10, 3, 1, 0, 1 ],
  [ 1, 6, 2, 1, 0 ] ]

two_opt time: 2
Held_Karptime: 0
5:      5:      5:      0:      2
Start vertex: 3
[ [ 0, 10, 4, 2, 2, 8 ],
  [ 10, 0, 8, 6, 5, 2 ],
  [ 4, 8, 0, 2, 5, 8 ],
  [ 2, 6, 2, 0, 8, 3 ],
  [ 2, 5, 5, 8, 0, 1 ],
  [ 8, 2, 8, 3, 1, 0 ] ]

two_opt time: 5
Held_Karptime: 4
6:      11:     11:     4:      5
Start vertex: 0
[ [ 0, 9, 9, 7, 9, 8, 10 ],
  [ 9, 0, 10, 6, 3, 6, 1 ],
  [ 9, 10, 0, 4, 4, 4, 5 ],
  [ 7, 6, 4, 0, 10, 5, 7 ],
  [ 9, 3, 4, 10, 0, 9, 10 ],
  [ 8, 6, 4, 5, 9, 0, 10 ],
  [ 10, 1, 5, 7, 10, 10, 0 ] ]

two_opt time: 9
Held_Karptime: 2
7:      24:     24:     2:      9
Start vertex: 0
[ [ 0, 7, 3, 1, 9, 9, 10, 5 ],
  [ 7, 0, 2, 5, 9, 6, 1, 4 ],
  [ 3, 2, 0, 8, 2, 10, 9, 2 ],
  [ 1, 5, 8, 0, 2, 2, 4, 1 ],
  [ 9, 9, 2, 2, 0, 3, 5, 8 ],
  [ 9, 6, 10, 2, 3, 0, 7, 4 ],
  [ 10, 1, 9, 4, 5, 7, 0, 4 ],
  [ 5, 4, 2, 1, 8, 4, 4, 0 ] ]

two_opt time: 1
Held_Karptime: 86
8:      14:     14:     86:     1

_____________________________________
time is in milliseconds

size:    Held_Karp route:        2_opt route:    Held_Karp time:        2_opt time:
Start vertex: 0
[]

0:      0:      0:      0:      0
Start vertex: 0
[ [ 0 ] ]

1:      0:      0:      0:      0
Start vertex: 0
[ [ 0, 6 ], [ 6, 0 ] ]

2:      6:      6:      0:      0
Start vertex: 1
[ [ 0, 7, 1 ], [ 7, 0, 4 ], [ 1, 4, 0 ] ]

3:      5:      5:      0:      2
Start vertex: 0
[ [ 0, 1, 1, 2 ],
  [ 1, 0, 7, 6 ],
  [ 1, 7, 0, 10 ],
  [ 2, 6, 10, 0 ] ]

4:      14:     14:     0:      3
Start vertex: 0
[ [ 0, 3, 6, 6, 10 ],
  [ 3, 0, 5, 8, 3 ],
  [ 6, 5, 0, 5, 6 ],
  [ 6, 8, 5, 0, 5 ],
  [ 10, 3, 6, 5, 0 ] ]

5:      16:     16:     0:      3
Start vertex: 5
[ [ 0, 10, 9, 8, 4, 10 ],
  [ 10, 0, 9, 2, 9, 3 ],
  [ 9, 9, 0, 2, 6, 7 ],
  [ 8, 2, 2, 0, 10, 6 ],
  [ 4, 9, 6, 10, 0, 10 ],
  [ 10, 3, 7, 6, 10, 0 ] ]

6:      17:     17:     5:      6
Start vertex: 5
[ [ 0, 10, 4, 10, 7, 9, 3 ],
  [ 10, 0, 3, 4, 9, 10, 6 ],
  [ 4, 3, 0, 5, 6, 8, 2 ],
  [ 10, 4, 5, 0, 4, 10, 7 ],
  [ 7, 9, 6, 4, 0, 5, 6 ],
  [ 9, 10, 8, 10, 5, 0, 9 ],
  [ 3, 6, 2, 7, 6, 9, 0 ] ]

7:      21:     21:     2:      6
Start vertex: 6
[ [ 0, 1, 10, 6, 4, 2, 9, 5 ],
  [ 1, 0, 7, 4, 9, 8, 6, 4 ],
  [ 10, 7, 0, 6, 10, 3, 3, 9 ],
  [ 6, 4, 6, 0, 2, 6, 5, 5 ],
  [ 4, 9, 10, 2, 0, 9, 3, 4 ],
  [ 2, 8, 3, 6, 9, 0, 10, 2 ],
  [ 9, 6, 3, 5, 3, 10, 0, 6 ],
  [ 5, 4, 9, 5, 4, 2, 6, 0 ] ]

8:      19:     19:     87:     9
Start vertex: 7
[ [ 0, 6, 1, 5, 1, 10, 10, 7, 4 ],
  [ 6, 0, 5, 1, 7, 3, 5, 6, 3 ],
  [ 1, 5, 0, 4, 8, 10, 5, 4, 10 ],
  [ 5, 1, 4, 0, 3, 3, 3, 5, 4 ],
  [ 1, 7, 8, 3, 0, 3, 1, 10, 8 ],
  [ 10, 3, 10, 3, 3, 0, 8, 5, 7 ],
  [ 10, 5, 5, 3, 1, 8, 0, 9, 9 ],
  [ 7, 6, 4, 5, 10, 5, 9, 0, 9 ],
  [ 4, 3, 10, 4, 8, 7, 9, 9, 0 ] ]

9:      19:     20:     5111:   2
Start vertex: 4
[ [ 0, 6, 2, 7, 1, 9, 4, 1, 6, 7 ],
  [ 6, 0, 7, 7, 1, 8, 6, 3, 10, 1 ],
  [ 2, 7, 0, 9, 9, 2, 8, 2, 2, 3 ],
  [ 7, 7, 9, 0, 1, 8, 6, 8, 7, 2 ],
  [ 1, 1, 9, 1, 0, 4, 5, 7, 2, 3 ],
  [ 9, 8, 2, 8, 4, 0, 1, 8, 7, 10 ],
  [ 4, 6, 8, 6, 5, 1, 0, 9, 5, 5 ],
  [ 1, 3, 2, 8, 7, 8, 9, 0, 3, 3 ],
  [ 6, 10, 2, 7, 2, 7, 5, 3, 0, 2 ],
  [ 7, 1, 3, 2, 3, 10, 5, 3, 2, 0 ] ]

10:     17:     19:     593931: 4
size of the graph       2_opt_shortest route    time
0:      0:      0
100:    423:    676
200:    909:    5132
300:    1403:   17336
400:    1875:   43969
500:    2438:   89487
600:    2955:   192739
700:    3474:   264685
800:    3953:   410574
900:    4510:   625479
1000:   5040:   919744
1100:   5574:   1317927
1200:   6065:   1825625
1300:   6603:   2594018

time is in milliseconds

size:    Held_Karp route:        2_opt route:    Held_Karp time:        2_opt time:
Start vertex: 0
[]

0:      0:      0:      0:      0
Start vertex: 0
[ [ 0 ] ]

1:      0:      0:      0:      0
Start vertex: 1
[ [ 0, 2 ], [ 2, 0 ] ]

2:      2:      2:      0:      1
Start vertex: 0
[ [ 0, 4, 10 ], [ 4, 0, 9 ], [ 10, 9, 0 ] ]

3:      13:     13:     1:      1
Start vertex: 2
[ [ 0, 2, 6, 3 ], [ 2, 0, 3, 7 ], [ 6, 3, 0, 2 ], [ 3, 7, 2, 0 ] ]

4:      7:      7:      0:      3
Start vertex: 0
[ [ 0, 5, 6, 7, 2 ],
  [ 5, 0, 2, 8, 4 ],
  [ 6, 2, 0, 7, 9 ],
  [ 7, 8, 7, 0, 8 ],
  [ 2, 4, 9, 8, 0 ] ]

5:      15:     15:     0:      2
Start vertex: 3
[ [ 0, 4, 1, 9, 8, 6 ],
  [ 4, 0, 7, 3, 5, 7 ],
  [ 1, 7, 0, 4, 2, 6 ],
  [ 9, 3, 4, 0, 8, 4 ],
  [ 8, 5, 2, 8, 0, 10 ],
  [ 6, 7, 6, 4, 10, 0 ] ]

6:      17:     17:     5:      2
Start vertex: 5
[ [ 0, 6, 6, 10, 10, 10, 10 ],
  [ 6, 0, 6, 3, 5, 2, 7 ],
  [ 6, 6, 0, 4, 9, 10, 2 ],
  [ 10, 3, 4, 0, 4, 4, 7 ],
  [ 10, 5, 9, 4, 0, 3, 8 ],
  [ 10, 2, 10, 4, 3, 0, 8 ],
  [ 10, 7, 2, 7, 8, 8, 0 ] ]

7:      24:     24:     2:      4
Start vertex: 2
[ [ 0, 5, 5, 9, 8, 8, 7, 10 ],
  [ 5, 0, 2, 7, 7, 1, 7, 1 ],
  [ 5, 2, 0, 3, 10, 7, 4, 5 ],
  [ 9, 7, 3, 0, 1, 1, 9, 1 ],
  [ 8, 7, 10, 1, 0, 9, 2, 10 ],
  [ 8, 1, 7, 1, 9, 0, 1, 3 ],
  [ 7, 7, 4, 9, 2, 1, 0, 1 ],
  [ 10, 1, 5, 1, 10, 3, 1, 0 ] ]

8:      15:     15:     86:     9
size of the graph       2_opt_shortest route    time
1400:   7120:   3371377
1500:   7659:   4371957
Start vertex: 7
[ [ 0, 10, 5, 7, 1, 9, 5, 3, 5, 10, 8 ],
  [ 10, 0, 10, 8, 10, 8, 2, 10, 4, 6, 6 ],
  [ 5, 10, 0, 1, 8, 6, 5, 8, 8, 2, 3 ],
  [ 7, 8, 1, 0, 1, 8, 4, 4, 8, 2, 2 ],
  [ 1, 10, 8, 1, 0, 1, 5, 2, 2, 7, 8 ],
  [ 9, 8, 6, 8, 1, 0, 7, 4, 7, 4, 8 ],
  [ 5, 2, 5, 4, 5, 7, 0, 4, 7, 1, 10 ],
  [ 3, 10, 8, 4, 2, 4, 4, 0, 1, 6, 9 ],
  [ 5, 4, 8, 8, 2, 7, 7, 1, 0, 1, 7 ],
  [ 10, 6, 2, 2, 7, 4, 1, 6, 1, 0, 7 ],
  [ 8, 6, 3, 2, 8, 8, 10, 9, 7, 7, 0 ] ]

